000000
001001
281911
857302
426140
935392
278731
503085
768451
461736
389542
150752
907514
406692
252843
415064
952157
108295
765126
659987
758778
874680
158847
345512
650935
465965
452877
420424
204861
863983
921455
430157
476184
549631
797076
202060
509276
956266
988603
298378
837174
280715
239679
853383
621438
601882
744918
714425
140773
759778
556559
501058
543758
578167
508441
557013
586896
422935
864748
665178
841392
338450
334271
575639
122882
619413
204647
460751
660676
961010
373482
652605
265416
696062
176511
378266
158609
267420
836172
689394
722962
333803
771516
854386
793481
504933
547090
598242
327287
615557
701109
273438
524184
367415
355857
107056
254945
765399
456927
594272
370058
407286
406064
860798
861819
497105
256959
838697
430869
208472
527086
729558
123089
287447
929007
693640
241127
937663
193774
484246
850841
825389
671329
852406
103196
455271
402160
620597
631954
920120
715943
504996
758555
368040
184053
732348
716474
964147
343624
689647
414177
377181
345443
878932
794523
906264
584211
124168
275877
792935
526996
536851
186057
476855
959017
258960
402698
506034
438811
977624
971973
998763
303068
335557
348143
478395
759342
157145
370573
372023
212632
548405
647472
136503
331598
622020
695818
267032
165617
121529
554197
880102
362299
502312
360891
758048
450543
712516
966173
978949
869682
460197
370714
153215
747314
237311
694469
167820
209652
736505
947263
837329
852802
163382
522170
340270
148053
154157
526846
480957
580055
697838
879455
825978
389065
781643
246118
641586
336521
129074
787236
947978
758881
446909
426621
540829
243966
310126
423124
936290
741794
880977
727186
968648
398919
207394
732068
116696
845233
747102
772625
798998
528050
529914
685318
659694
583138
894077
539985
832913
528526
257146
413919
346276
462625
497451
741322
671579
312834
301964
191400
371278
694085
201042
934952
368040
673785
216219
378914
623783
586044
293381
624856
553791
676759
651819
874129
891422
681972
168130
510548
742754
119808
732717
953547
684159
882385
475557
468811
618822
652996
192109
224844
399956
674624
563618
620822
213015
821054
905273
576069
372742
358176
637540
117960
603621
468082
573928
415342
839145
625705
828271
768233
120996
232228
876448
346702
831045
303139
931101
671188
785051
527063
454906
919740
898194
550605
365596
673357
461613
542952
714541
878321
736288
123528
469625
201149
279087
859964
227405
249484
789104
570099
956888
109858
485545
383686
632335
555455
143831
225109
727662
304112
422463
681232
862733
963077
520300
301173
290981
820528
637431
215721
550638
773328
742324
497162
627369
179018
701655
276057
567439
145728
538038
790543
631052
576943
583323
186079
952164
383663
636772
195603
623539
268872
676685
890909
690073
754285
616096
261437
860924
902503
100209
437951
215347
213007
676981
918271
368018
673143
212630
244356
192542
512499
982558
797087
502901
987756
259972
822739
129834
567679
939286
822914
674112
792667
279225
963734
716742
681968
102631
573471
475928
983610
217931
746315
462248
294236
627786
873383
813282
954890
981596
821212
954771
195484
272871
521037
945290
330308
662246
141200
194520
231506
771992
937244
986343
266443
240316
701933
211240
483546
513276
667413
968111
338236
747641
649932
686463
948534
128760
178050
654540
708896
132919
371792
704522
187235
318057
749079
335992
745421
112492
704104
496274
144441
602731
756319
703905
848294
207227
435907
917872
832231
288507
890765
146221
372845
259812
155329
623442
865355
753639
875625
532938
820177
391648
467012
968510
836449
106773
746892
161120
196758
865772
458801
210541
501387
628926
941961
268963
998152
624038
947565
452385
576286
622390
439107
142621
830215
971016
406655
981789
935649
946520
327524
422220
528344
154791
530408
681111
753446
723784
332742
128715
293107
841969
527505
597482
590192
912119
365498
534326
391714
642020
168425
256583
130509
185750
638872
634286
513692
780407
176501
748355
975131
861417
948116
737959
947158
729790
843840
784507
909955
248118
591392
271254
347530
610676
592068
740484
414520
987636
895906
167605
667697
627798
457689
289181
859455
978679
131049
573501
435736
526580
841444
145707
732547
317300
537382
702292
983281
156744
263361
706618
001001
